receptor = pipeline_output_test/docking/vina/C8WTQ0/C8WTQ0.pdbqt
ligand = pipeline_output_test/docking/vina/TPP/TPP.pdbqt
center_x = 3.8380000591278076
center_y = 4.023499965667725
center_z = -0.8425000309944153
size_x = 10.0
size_y = 10.0
size_z = 10.0
num_modes = 9
exhaustiveness = 32
