receptor = DB_short_enzymes_v1/docking/vina/P2R42/P2R42.pdbqt
ligand = DB_short_enzymes_v1/docking/vina/ligand/ligand.pdbqt
center_x = 0.3409999907016754
center_y = 0.7760000228881836
center_z = -2.4749999046325684
size_x = 10.0
size_y = 10.0
size_z = 10.0
num_modes = 9
exhaustiveness = 32
