receptor = DB_short_enzymes_v1/docking/vina/P6R8/P6R8.pdbqt
ligand = DB_short_enzymes_v1/docking/vina/ligand/ligand.pdbqt
center_x = 18.832000732421875
center_y = 5.190000057220459
center_z = -19.961999893188477
size_x = 10.0
size_y = 10.0
size_z = 10.0
num_modes = 9
exhaustiveness = 32
