receptor = output/docking/vina/P53553/P53553.pdbqt
ligand = output/docking/vina/rando/rando.pdbqt
center_x = -5.607000350952148
center_y = -8.462499618530273
center_z = 1.0444998741149902
size_x = 10.0
size_y = 10.0
size_z = 10.0
num_modes = 9
exhaustiveness = 32
