receptor = DB_short_enzymes_v1/docking/vina/P16R16/P16R16.pdbqt
ligand = DB_short_enzymes_v1/docking/vina/ligand/ligand.pdbqt
center_x = 5.1020002365112305
center_y = 0.2939999997615814
center_z = 0.6919999718666077
size_x = 10.0
size_y = 10.0
size_z = 10.0
num_modes = 9
exhaustiveness = 32
