receptor = docking_test/vina/C8WTQ0/C8WTQ0.pdbqt
ligand = docking_test/vina/TPP/TPP.pdbqt
center_x = 5.771499812602997
center_y = -2.6445000171661377
center_z = 3.5070000290870667
size_x = 10.0
size_y = 10.0
size_z = 10.0
num_modes = 9
exhaustiveness = 32
