receptor = DB_short_enzymes_v1/docking/vina/P37R37/P37R37.pdbqt
ligand = DB_short_enzymes_v1/docking/vina/ligand/ligand.pdbqt
center_x = 1.2719999551773071
center_y = -0.296999990940094
center_z = 2.1619999408721924
size_x = 10.0
size_y = 10.0
size_z = 10.0
num_modes = 9
exhaustiveness = 32
