receptor = DB_short_enzymes_v1/docking/vina/P28R32/P28R32.pdbqt
ligand = DB_short_enzymes_v1/docking/vina/ligand/ligand.pdbqt
center_x = 6.376999855041504
center_y = 2.26200008392334
center_z = -2.8469998836517334
size_x = 10.0
size_y = 10.0
size_z = 10.0
num_modes = 9
exhaustiveness = 32
