receptor = DB_short_enzymes_v1/docking/vina/P9R9/P9R9.pdbqt
ligand = DB_short_enzymes_v1/docking/vina/ligand/ligand.pdbqt
center_x = 0.671999990940094
center_y = 2.1029999256134033
center_z = 8.321000099182129
size_x = 10.0
size_y = 10.0
size_z = 10.0
num_modes = 9
exhaustiveness = 32
