receptor = DB_short_enzymes_v1/docking/vina/P29R31/P29R31.pdbqt
ligand = DB_short_enzymes_v1/docking/vina/ligand/ligand.pdbqt
center_x = 1.565999984741211
center_y = 2.700000047683716
center_z = 6.059000015258789
size_x = 10.0
size_y = 10.0
size_z = 10.0
num_modes = 9
exhaustiveness = 32
