receptor = pipeline_output_test/docking/vina/P3R4/P3R4.pdbqt
ligand = pipeline_output_test/docking/vina/R4/R4.pdbqt
center_x = 4.053999900817871
center_y = -0.8989999890327454
center_z = 3.128999948501587
size_x = 10.0
size_y = 10.0
size_z = 10.0
num_modes = 9
exhaustiveness = 32
