receptor = DB_short_enzymes_v1/docking/vina/P32R32/P32R32.pdbqt
ligand = DB_short_enzymes_v1/docking/vina/ligand/ligand.pdbqt
center_x = 5.364999771118164
center_y = -2.2880001068115234
center_z = -2.171999931335449
size_x = 10.0
size_y = 10.0
size_z = 10.0
num_modes = 9
exhaustiveness = 32
