receptor = output/docking/vina/P53554/P53554.pdbqt
ligand = output/docking/vina/rando/rando.pdbqt
center_x = -0.4059999883174896
center_y = 7.605500221252441
center_z = -14.250499725341797
size_x = 10.0
size_y = 10.0
size_z = 10.0
num_modes = 9
exhaustiveness = 32
