receptor = DB_short_enzymes_v1/docking/vina/P27R31/P27R31.pdbqt
ligand = DB_short_enzymes_v1/docking/vina/ligand/ligand.pdbqt
center_x = -4.958000183105469
center_y = -0.7480000257492065
center_z = -2.6630001068115234
size_x = 10.0
size_y = 10.0
size_z = 10.0
num_modes = 9
exhaustiveness = 32
